-0.020149,0.0110322,0.01 -2.08345e-08,-4.14895e-11,0.000379045,1
-0.020149,0.0110323,0.01 -2.43186e-08,-4.84277e-11,0.000379497,1
-0.0201491,0.0110323,0.01 -2.78027e-08,-5.5366e-11,0.000379949,1
-0.0201491,0.0110324,0.01 -3.12869e-08,-6.23041e-11,0.000380401,1
-0.0201491,0.0110325,0.01 -3.47711e-08,-6.92424e-11,0.000380854,1
-0.0201491,0.0110325,0.01 -3.82553e-08,-7.61807e-11,0.000381306,1
-0.0201491,0.0110326,0.01 -4.17395e-08,-8.31191e-11,0.000381758,1
-0.0201491,0.0110326,0.01 -4.52238e-08,-9.00574e-11,0.00038221,1
-0.0201491,0.0110327,0.01 -4.8708e-08,-9.69959e-11,0.000382662,1
-0.0201491,0.0110328,0.01 -5.21923e-08,-1.03934e-10,0.000383114,1
-0.0201491,0.0110328,0.01 -5.56767e-08,-1.10873e-10,0.000383567,1
-0.0201491,0.0110329,0.01 -5.9161e-08,-1.17811e-10,0.000384019,1
-0.0201492,0.0110329,0.01 -6.26454e-08,-1.2475e-10,0.000384471,1
-0.0201492,0.011033,0.01 -6.61298e-08,-1.31689e-10,0.000384923,1
-0.0201492,0.011033,0.01 -6.96142e-08,-1.38627e-10,0.000385375,1
-0.0201492,0.0110331,0.01 -7.30987e-08,-1.45566e-10,0.000385828,1
-0.0201492,0.0110332,0.01 -7.65831e-08,-1.52505e-10,0.00038628,1
-0.0201492,0.0110332,0.01 -8.00676e-08,-1.59443e-10,0.000386732,1
-0.0201492,0.0110333,0.01 -8.35521e-08,-1.66382e-10,0.000387184,1
-0.0201492,0.0110333,0.01 -8.70367e-08,-1.73321e-10,0.000387637,1
-0.0201492,0.0110334,0.01 -9.05213e-08,-1.8026e-10,0.000388089,1
-0.0201492,0.0110334,0.01 -9.40058e-08,-1.87198e-10,0.000388541,1
-0.0201493,0.0110335,0.01 -9.74905e-08,-1.94137e-10,0.000388993,1
-0.0201493,0.0110336,0.01 -1.00975e-07,-2.01076e-10,0.000389445,1
-0.0201493,0.0110336,0.01 -1.0446e-07,-2.08015e-10,0.000389898,1
-0.0201493,0.0110337,0.01 -1.07944e-07,-2.14954e-10,0.00039035,1
-0.0201493,0.0110337,0.01 -1.11429e-07,-2.21893e-10,0.000390802,1
-0.0201493,0.0110338,0.01 -1.14914e-07,-2.28832e-10,0.000391254,1
-0.0201493,0.0110338,0.01 -1.18399e-07,-2.35771e-10,0.000391707,1
-0.0201493,0.0110339,0.01 -1.21883e-07,-2.42711e-10,0.000392159,1
-0.0201493,0.011034,0.01 -1.25368e-07,-2.4965e-10,0.000392611,1
-0.0201493,0.011034,0.01 -1.28853e-07,-2.56589e-10,0.000393063,1
-0.0201493,0.0110341,0.01 -1.32338e-07,-2.63528e-10,0.000393516,1
-0.0201494,0.0110341,0.01 -1.35823e-07,-2.70468e-10,0.000393968,1
-0.0201494,0.0110342,0.01 -1.39308e-07,-2.77407e-10,0.00039442,1
-0.0201494,0.0110342,0.01 -1.42793e-07,-2.84346e-10,0.000394873,1
-0.0201494,0.0110343,0.01 -1.46278e-07,-2.91286e-10,0.000395325,1
-0.0201494,0.0110344,0.01 -1.49763e-07,-2.98225e-10,0.000395777,1
-0.0201494,0.0110344,0.01 -1.53248e-07,-3.05164e-10,0.000396229,1
-0.0201494,0.0110345,0.01 -1.56733e-07,-3.12104e-10,0.000396682,1
-0.0201494,0.0110345,0.01 -1.60218e-07,-3.19044e-10,0.000397134,1
-0.0201494,0.0110346,0.01 -1.63703e-07,-3.25983e-10,0.000397586,1
-0.0201494,0.0110346,0.01 -1.67188e-07,-3.32923e-10,0.000398039,1
-0.0201495,0.0110347,0.01 -1.70673e-07,-3.39862e-10,0.000398491,1
-0.0201495,0.0110348,0.01 -1.74158e-07,-3.46802e-10,0.000398943,1
-0.0201495,0.0110348,0.01 -1.77643e-07,-3.53742e-10,0.000399395,1
-0.0201495,0.0110349,0.01 -1.81128e-07,-3.60681e-10,0.000399848,1
-0.0201495,0.0110349,0.01 -1.84614e-07,-3.67621e-10,0.0004003,1
-0.0201495,0.011035,0.01 -1.88099e-07,-3.74561e-10,0.000400752,1
-0.0201495,0.011035,0.01 -1.91584e-07,-3.81501e-10,0.000401205,1
-0.0201495,0.0110351,0.01 -1.95069e-07,-3.88441e-10,0.000401657,1
-0.0201495,0.0110352,0.01 -1.98555e-07,-3.95381e-10,0.000402109,1
-0.0201495,0.0110352,0.01 -2.0204e-07,-4.0232e-10,0.000402562,1
-0.0201496,0.0110353,0.01 -2.05525e-07,-4.0926e-10,0.000403014,1
-0.0201496,0.0110353,0.01 -2.09011e-07,-4.16201e-10,0.000403466,1
-0.0201496,0.0110354,0.01 -2.12496e-07,-4.23141e-10,0.000403919,1
-0.0201496,0.0110354,0.01 -2.15982e-07,-4.30081e-10,0.000404371,1
-0.0201496,0.0110355,0.01 -2.19467e-07,-4.37021e-10,0.000404823,1
-0.0201496,0.0110356,0.01 -2.22953e-07,-4.43961e-10,0.000405276,1
-0.0201496,0.0110356,0.01 -2.26438e-07,-4.50901e-10,0.000405728,1
-0.0201496,0.0110357,0.01 -2.29924e-07,-4.57841e-10,0.00040618,1
-0.0201496,0.0110357,0.01 -2.33409e-07,-4.64782e-10,0.000406633,1
-0.0201496,0.0110358,0.00999999 -2.36895e-07,-4.71722e-10,0.000407085,1
-0.0201497,0.0110359,0.00999999 -2.4038e-07,-4.78662e-10,0.000407538,1
-0.0201497,0.0110359,0.00999999 -2.43866e-07,-4.85602e-10,0.00040799,1
-0.0201497,0.011036,0.00999999 -2.47352e-07,-4.92543e-10,0.000408442,1
-0.0201497,0.011036,0.00999999 -2.50837e-07,-4.99483e-10,0.000408895,1
-0.0201497,0.0110361,0.00999999 -2.54323e-07,-5.06424e-10,0.000409347,1
-0.0201497,0.0110361,0.00999999 -2.57809e-07,-5.13364e-10,0.000409799,1
-0.0201497,0.0110362,0.00999999 -2.61295e-07,-5.20305e-10,0.000410252,1
-0.0201497,0.0110363,0.00999999 -2.6478e-07,-5.27245e-10,0.000410704,1
-0.0201497,0.0110363,0.00999999 -2.68266e-07,-5.34186e-10,0.000411157,1
-0.0201497,0.0110364,0.00999999 -2.71752e-07,-5.41127e-10,0.000411609,1
-0.0201497,0.0110364,0.00999999 -2.75238e-07,-5.48067e-10,0.000412061,1
-0.0201498,0.0110365,0.00999999 -2.78724e-07,-5.55008e-10,0.000412514,1
-0.0201498,0.0110365,0.00999999 -2.8221e-07,-5.61949e-10,0.000412966,1
-0.0201498,0.0110366,0.00999999 -2.85695e-07,-5.68889e-10,0.000413419,1
-0.0201498,0.0110367,0.00999999 -2.89181e-07,-5.7583e-10,0.000413871,1
-0.0201498,0.0110367,0.00999999 -2.92667e-07,-5.82771e-10,0.000414323,1
-0.0201498,0.0110368,0.00999999 -2.96153e-07,-5.89712e-10,0.000414776,1
-0.0201498,0.0110368,0.00999999 -2.99639e-07,-5.96653e-10,0.000415228,1
-0.0201498,0.0110369,0.00999999 -3.03125e-07,-6.03594e-10,0.000415681,1
-0.0201498,0.0110369,0.00999999 -3.06611e-07,-6.10535e-10,0.000416133,1
-0.0201498,0.011037,0.00999999 -3.10098e-07,-6.17476e-10,0.000416585,1
-0.0201499,0.0110371,0.00999999 -3.13584e-07,-6.24417e-10,0.000417038,1
-0.0201499,0.0110371,0.00999999 -3.1707e-07,-6.31358e-10,0.00041749,1
-0.0201499,0.0110372,0.00999999 -3.20556e-07,-6.38299e-10,0.000417943,1
-0.0201499,0.0110372,0.00999999 -3.24042e-07,-6.4524e-10,0.000418395,1
-0.0201499,0.0110373,0.00999999 -3.27528e-07,-6.52181e-10,0.000418848,1
-0.0201499,0.0110373,0.00999999 -3.31015e-07,-6.59123e-10,0.0004193,1
-0.0201499,0.0110374,0.00999999 -3.34501e-07,-6.66064e-10,0.000419752,1
-0.0201499,0.0110375,0.00999999 -3.37987e-07,-6.73005e-10,0.000420205,1
-0.0201499,0.0110375,0.00999999 -3.41473e-07,-6.79946e-10,0.000420657,1
-0.0201499,0.0110376,0.00999999 -3.4496e-07,-6.86888e-10,0.00042111,1
-0.02015,0.0110376,0.00999999 -3.48446e-07,-6.93829e-10,0.000421562,1
-0.02015,0.0110377,0.00999999 -3.51932e-07,-7.00771e-10,0.000422015,1
-0.02015,0.0110377,0.00999999 -3.55419e-07,-7.07712e-10,0.000422467,1
-0.02015,0.0110378,0.00999999 -3.58905e-07,-7.14654e-10,0.00042292,1
-0.02015,0.0110379,0.00999999 -3.62392e-07,-7.21595e-10,0.000423372,1
-0.02015,0.0110379,0.00999999 -3.65878e-07,-7.28537e-10,0.000423825,1
-0.02015,0.011038,0.00999999 -3.69365e-07,-7.35478e-10,0.000424277,1
-0.02015,0.011038,0.00999999 -3.72851e-07,-7.4242e-10,0.00042473,1
-0.02015,0.0110381,0.00999999 -3.76338e-07,-7.49362e-10,0.000425182,1
-0.02015,0.0110381,0.00999999 -3.79824e-07,-7.56303e-10,0.000425635,1
-0.0201501,0.0110382,0.00999999 -3.83311e-07,-7.63245e-10,0.000426087,1
-0.0201501,0.0110383,0.00999999 -3.86798e-07,-7.70187e-10,0.00042654,1
-0.952255,-0.202993,0.01 -2.05845e-07,-4.03801e-10,-3.45259e-05,1
-1.90338,-0.421391,0.01 -2.11274e-08,-2.67144e-11,-0.00050501,1
-1.9224,-0.425759,0.01 -2.08501e-08,-2.28924e-11,-0.000513976,1
-1.9224,-0.425759,0.01 -2.43368e-08,-2.67205e-11,-0.000513524,1
-1.9224,-0.425759,0.01 -2.78235e-08,-3.05487e-11,-0.000513071,1
-1.9224,-0.425759,0.01 -3.13103e-08,-3.4377e-11,-0.000512619,1
-1.9224,-0.425759,0.01 -3.47971e-08,-3.82053e-11,-0.000512166,1
-1.9224,-0.425759,0.01 -3.82839e-08,-4.20334e-11,-0.000511714,1
-1.9224,-0.425758,0.01 -4.17707e-08,-4.58617e-11,-0.000511261,1
-1.9224,-0.425758,0.01 -4.52576e-08,-4.969e-11,-0.000510809,1
-1.9224,-0.425758,0.01 -4.87445e-08,-5.35184e-11,-0.000510356,1
-1.9224,-0.425758,0.01 -5.22314e-08,-5.73467e-11,-0.000509904,1
-1.9224,-0.425758,0.01 -5.57183e-08,-6.11749e-11,-0.000509451,1
-1.9224,-0.425758,0.01 -5.92053e-08,-6.50033e-11,-0.000508999,1
-1.9224,-0.425758,0.01 -6.26922e-08,-6.88316e-11,-0.000508546,1
-1.9224,-0.425758,0.01 -6.61792e-08,-7.26599e-11,-0.000508094,1
-1.9224,-0.425758,0.01 -6.96663e-08,-7.64883e-11,-0.000507641,1
-1.9224,-0.425758,0.01 -7.31533e-08,-8.03167e-11,-0.000507188,1
-1.9224,-0.425758,0.01 -7.66404e-08,-8.41451e-11,-0.000506736,1
-1.9224,-0.425758,0.01 -8.01275e-08,-8.79735e-11,-0.000506283,1
-1.9224,-0.425758,0.01 -8.36146e-08,-9.18019e-11,-0.000505831,1
-1.9224,-0.425758,0.01 -8.71018e-08,-9.56303e-11,-0.000505378,1
-1.9224,-0.425758,0.01 -9.0589e-08,-9.94589e-11,-0.000504926,1
-1.9224,-0.425758,0.01 -9.40762e-08,-1.03287e-10,-0.000504473,1
-1.9224,-0.425758,0.01 -9.75634e-08,-1.07116e-10,-0.00050402,1
-1.9224,-0.425757,0.01 -1.01051e-07,-1.10944e-10,-0.000503568,1
-1.9224,-0.425757,0.01 -1.04538e-07,-1.14773e-10,-0.000503115,1
-1.9224,-0.425757,0.01 -1.08025e-07,-1.18601e-10,-0.000502663,1
-1.9224,-0.425757,0.01 -1.11513e-07,-1.2243e-10,-0.00050221,1
-1.9224,-0.425757,0.01 -1.15e-07,-1.26258e-10,-0.000501758,1
-1.9224,-0.425757,0.01 -1.18487e-07,-1.30087e-10,-0.000501305,1
-1.9224,-0.425757,0.01 -1.21975e-07,-1.33915e-10,-0.000500852,1
-1.9224,-0.425757,0.01 -1.25462e-07,-1.37744e-10,-0.0005004,1
-1.9224,-0.425757,0.01 -1.28949e-07,-1.41573e-10,-0.000499947,1
-1.9224,-0.425757,0.01 -1.32437e-07,-1.45401e-10,-0.000499495,1
-1.9224,-0.425757,0.01 -1.35924e-07,-1.4923e-10,-0.000499042,1
-1.9224,-0.425757,0.01 -1.39412e-07,-1.53058e-10,-0.000498589,1
-1.9224,-0.425757,0.01 -1.42899e-07,-1.56887e-10,-0.000498137,1
-1.9224,-0.425757,0.01 -1.46387e-07,-1.60716e-10,-0.000497684,1
-1.9224,-0.425757,0.01 -1.49875e-07,-1.64544e-10,-0.000497232,1
-1.9224,-0.425757,0.01 -1.53362e-07,-1.68373e-10,-0.000496779,1
-1.9224,-0.425757,0.01 -1.5685e-07,-1.72202e-10,-0.000496326,1
-1.9224,-0.425756,0.01 -1.60337e-07,-1.7603e-10,-0.000495874,1
-1.9224,-0.425756,0.01 -1.63825e-07,-1.79859e-10,-0.000495421,1
-1.9224,-0.425756,0.01 -1.67313e-07,-1.83688e-10,-0.000494968,1
-1.9224,-0.425756,0.01 -1.70801e-07,-1.87517e-10,-0.000494516,1
-1.9224,-0.425756,0.01 -1.74288e-07,-1.91345e-10,-0.000494063,1
-1.9224,-0.425756,0.01 -1.77776e-07,-1.95174e-10,-0.00049361,1
-1.9224,-0.425756,0.01 -1.81264e-07,-1.99003e-10,-0.000493158,1
-1.9224,-0.425756,0.01 -1.84752e-07,-2.02832e-10,-0.000492705,1
-1.9224,-0.425756,0.01 -1.8824e-07,-2.06661e-10,-0.000492253,1
-1.9224,-0.425756,0.01 -1.91727e-07,-2.10489e-10,-0.0004918,1
-1.9224,-0.425756,0.01 -1.95215e-07,-2.14318e-10,-0.000491347,1
-1.9224,-0.425756,0.01 -1.98703e-07,-2.18147e-10,-0.000490895,1
-1.9224,-0.425756,0.01 -2.02191e-07,-2.21976e-10,-0.000490442,1
-1.9224,-0.425756,0.01 -2.05679e-07,-2.25805e-10,-0.000489989,1
-1.9224,-0.425756,0.01 -2.09167e-07,-2.29634e-10,-0.000489537,1
-1.9224,-0.425756,0.01 -2.12655e-07,-2.33463e-10,-0.000489084,1
-1.9224,-0.425756,0.01 -2.16143e-07,-2.37291e-10,-0.000488631,1
-1.9224,-0.425756,0.01 -2.19631e-07,-2.41121e-10,-0.000488178,1
-1.9224,-0.425755,0.01 -2.23119e-07,-2.44949e-10,-0.000487726,1
-1.9224,-0.425755,0.01 -2.26608e-07,-2.48778e-10,-0.000487273,1
-1.9224,-0.425755,0.01 -2.30096e-07,-2.52607e-10,-0.00048682,1
-1.9224,-0.425755,0.01 -2.33584e-07,-2.56436e-10,-0.000486368,1
-1.9224,-0.425755,0.00999999 -2.37072e-07,-2.60265e-10,-0.000485915,1
-1.9224,-0.425755,0.00999999 -2.4056e-07,-2.64094e-10,-0.000485462,1
-1.9224,-0.425755,0.00999999 -2.44048e-07,-2.67923e-10,-0.00048501,1
-1.9224,-0.425755,0.00999999 -2.47537e-07,-2.71752e-10,-0.000484557,1
-1.9224,-0.425755,0.00999999 -2.51025e-07,-2.75581e-10,-0.000484104,1
-1.9224,-0.425755,0.00999999 -2.54513e-07,-2.7941e-10,-0.000483652,1
-1.92067,-0.425756,0.0100136 -3.94925e-07,-4.7627e-06,-0.000479143,1
-1.91157,-0.425766,0.0100833 -7.53524e-07,-1.56749e-06,-0.000468372,1
-1.89563,-0.425785,0.0102055 -1.6722e-06,4.44939e-06,-0.000466273,1
-1.87664,-0.425792,0.0103536 -2.23067e-06,-7.19171e-06,-0.000167798,1
-1.85601,-0.425818,0.0105116 1.58828e-05,4.5285e-07,-0.00247253,0.999997
-1.83482,-0.426064,0.0106751 6.68894e-05,-2.75792e-06,-0.00921317,0.999958
-1.81354,-0.426764,0.0108387 0.000180609,2.07211e-06,-0.0240356,0.999711
-1.79194,-0.428133,0.0110047 0.000291627,5.39033e-06,-0.0385582,0.999256
-1.77028,-0.430066,0.0111712 0.000371634,1.00998e-05,-0.048807,0.998808
-1.74877,-0.432358,0.011338 0.000443163,9.81517e-07,-0.058084,0.998312
-1.72758,-0.435003,0.0115013 0.000498639,1.09938e-06,-0.0653278,0.997864
-1.7063,-0.437895,0.011665 0.000527065,3.06392e-06,-0.0691016,0.997609
-1.68445,-0.441026,0.0118334 0.000560462,2.82479e-06,-0.0731178,0.997323
-1.66267,-0.444312,0.0120011 0.000585069,4.52991e-06,-0.0762736,0.997087
-1.64105,-0.447687,0.0121681 0.000591859,1.08783e-06,-0.0773449,0.997004
-1.61933,-0.451044,0.0123353 0.000577882,1.49479e-06,-0.0756286,0.997136
-1.59791,-0.467083,0.0116068 0.000288868,1.6583e-06,-0.0740609,0.997254
-1.57648,-0.483322,0.0108616 -4.44678e-06,2.50624e-06,-0.0723769,0.997377
-1.55482,-0.486703,0.0110129 -2.60638e-05,-3.02754e-06,-0.0707669,0.997493
-1.53379,-0.489659,0.0111764 -3.89436e-05,6.07753e-07,-0.0687269,0.997636
-1.51255,-0.492567,0.0113415 -5.18068e-05,2.51848e-06,-0.0671368,0.997744
-1.49077,-0.495465,0.0115106 -6.91212e-05,5.82294e-06,-0.0649166,0.997891
-1.46899,-0.498262,0.0116798 -8.32456e-05,8.25857e-06,-0.0627673,0.998028
-1.44729,-0.500966,0.0118487 -9.73596e-05,6.44693e-06,-0.0610795,0.998133
-1.4255,-0.503589,0.0120181 -0.000117437,6.24504e-06,-0.0585509,0.998284
-1.40368,-0.506105,0.0121872 -0.000135687,9.06511e-06,-0.0562584,0.998416
-1.39109,-0.516397,0.0115315 -0.000117337,9.18628e-06,-0.0535573,0.998565
-1.37929,-0.526669,0.0108553 -9.65828e-05,3.50397e-06,-0.051032,0.998697
-1.35848,-0.528983,0.0110019 -9.54732e-05,-1.9121e-06,-0.051332,0.998682
-1.33663,-0.531185,0.0111709 -0.000110586,2.40492e-06,-0.0491033,0.998794
-1.31477,-0.53329,0.01134 -0.00012947,5.58416e-06,-0.0467129,0.998908
-1.29289,-0.535282,0.011509 -0.000150201,1.01667e-05,-0.0439629,0.999033
-1.27109,-0.537147,0.0116786 -0.00017023,3.91272e-06,-0.0417233,0.999129
-1.24923,-0.538921,0.0118474 -0.000187532,7.15167e-06,-0.0390611,0.999237
-1.22805,-0.540528,0.0120111 -0.000205714,8.63028e-06,-0.0367241,0.999325
-1.20665,-0.542054,0.012176 -0.000223493,1.20492e-05,-0.0344641,0.999406
-1.19207,-0.551967,0.011521 -0.000159547,1.30257e-05,-0.029841,0.999555
-1.17768,-0.56176,0.0108485 -9.0934e-05,6.41574e-06,-0.0258521,0.999666
-1.15591,-0.56301,0.0110009 -0.000108661,5.65503e-06,-0.0232664,0.999729
-1.13397,-0.563978,0.0111698 -0.000127265,7.08428e-06,-0.0208722,0.999782
-1.11202,-0.564843,0.0113386 -0.000146708,1.08181e-05,-0.0183747,0.999831
-1.09009,-0.565596,0.0115075 -0.000163883,1.16238e-05,-0.01614,0.99987
-1.06889,-0.566249,0.0116711 -0.00017815,8.32991e-06,-0.0142812,0.999898
-1.04748,-0.56682,0.011836 -0.000190157,8.74705e-06,-0.012682,0.99992
-1.02551,-0.567344,0.0120049 -0.000203064,1.02707e-05,-0.0110171,0.999939
-1.00353,-0.567793,0.0121737 -0.000214567,1.34393e-05,-0.00947437,0.999955
-0.985885,-0.573108,0.011523 -0.000136342,3.78092e-06,-0.00888673,0.999961
-0.968284,-0.578511,0.0108555 -5.05413e-05,1.02795e-06,-0.00812988,0.999967
-0.946389,-0.578953,0.0110083 -5.3641e-05,5.31819e-07,-0.00746315,0.999972
-0.924383,-0.579278,0.0111776 -5.3514e-05,2.55004e-06,-0.00749138,0.999972
-0.903013,-0.579604,0.0113419 -5.2412e-05,5.869e-06,-0.0076405,0.999971
-0.882157,-0.579939,0.0115034 -4.10639e-05,-8.34121e-07,-0.00955247,0.999954
-0.860249,-0.580379,0.0116722 -3.37456e-05,4.48213e-07,-0.0100814,0.999949
-0.838259,-0.580818,0.0118417 -3.55919e-05,5.52696e-07,-0.00981853,0.999952
-0.816263,-0.581239,0.0120109 -4.05938e-05,2.8731e-06,-0.0091699,0.999958
-0.794267,-0.581629,0.01218 -4.27111e-05,6.72326e-06,-0.00869892,0.999962
-0.776678,-0.583427,0.0115284 -2.77362e-05,1.71172e-06,-0.00749096,0.999972
-0.759813,-0.58511,0.0108547 -2.05676e-05,9.79434e-08,-0.00491214,0.999988
-0.739263,-0.585319,0.0109969 -2.48239e-05,5.57942e-07,-0.00428214,0.999991
-0.717836,-0.585505,0.0111617 -2.43687e-05,3.45121e-06,-0.00433039,0.999991
-0.69621,-0.585682,0.0113279 -1.91881e-05,7.28237e-06,-0.00517914,0.999987
-0.675025,-0.585922,0.0114919 -1.03973e-05,1.76222e-06,-0.00620461,0.999981
-0.653043,-0.586186,0.0116615 -1.37797e-05,-1.63968e-07,-0.00570655,0.999984
-0.631055,-0.586421,0.0118309 -2.01648e-05,9.8267e-07,-0.0048717,0.999988
-0.609731,-0.586606,0.0119949 -2.84966e-05,3.73838e-06,-0.003778,0.999993
-0.589163,-0.586748,0.012154 -2.97586e-05,-1.39466e-06,-0.00406233,0.999992
-0.570049,-0.589924,0.0115008 -2.28324e-05,8.72459e-07,-0.00670514,0.999978
-0.550158,-0.593324,0.0108376 -3.81236e-05,3.25223e-07,-0.00677104,0.999977
-0.528253,-0.593619,0.0109899 -6.28005e-05,2.049e-06,-0.00358816,0.999994
-0.506291,-0.593712,0.0111586 -8.4084e-05,5.89921e-06,-0.000769289,1
-0.484392,-0.593704,0.0113275 -9.92598e-05,5.10549e-06,0.00103436,0.999999
-0.462438,-0.593616,0.0114971 -0.000112879,1.64148e-06,0.00288782,0.999996
-0.441457,-0.593461,0.0116587 -0.000124746,1.51146e-06,0.00447667,0.99999
-0.420315,-0.593241,0.0118214 -0.000136896,3.28239e-06,0.00603586,0.999982
-0.398319,-0.592951,0.0119904 -0.000145839,6.33533e-06,0.00711284,0.999975
-0.37641,-0.592615,0.0121594 -0.000153349,4.58904e-06,0.00815742,0.999967
-0.354712,-0.594653,0.011515 -9.33331e-05,7.24307e-07,0.0101297,0.999949
-0.333005,-0.596572,0.0108537 -3.08953e-05,-2.21914e-07,0.011943,0.999929
-0.31102,-0.596081,0.0110063 -3.61302e-05,2.29635e-06,0.0127824,0.999918
-0.289556,-0.595492,0.0111712 -5.63916e-05,6.80273e-06,0.0153531,0.999882
-0.268975,-0.594827,0.0113307 -6.21026e-05,2.98973e-07,0.0162003,0.999869
-0.247883,-0.594134,0.0114935 -6.80327e-05,-6.4023e-07,0.0169454,0.999856
-0.225877,-0.593406,0.0116631 -6.05963e-05,-3.24591e-07,0.0159919,0.999872
-0.20386,-0.592723,0.0118325 -5.39432e-05,2.64654e-06,0.0150786,0.999886
-0.18187,-0.592081,0.0120017 -4.67493e-05,4.98902e-06,0.0140848,0.999901
-0.159923,-0.591476,0.0121715 -4.04143e-05,2.65638e-07,0.0133741,0.999911
-0.139389,-0.592402,0.0115248 -2.31232e-06,-3.77274e-07,0.0114415,0.999935
-0.119872,-0.593494,0.0108535 3.18812e-05,8.50247e-07,0.0100649,0.999949
-0.0988265,-0.593108,0.0109987 2.92656e-05,3.82141e-06,0.0102683,0.999947
-0.0768602,-0.59269,0.011169 4.39028e-05,-2.28992e-06,0.00895124,0.99996
-0.0548607,-0.592328,0.0113382 5.30789e-05,1.02912e-06,0.007379,0.999973
-0.032835,-0.592041,0.011508 6.71102e-05,5.09331e-07,0.00557075,0.999984
-0.0108008,-0.591832,0.0116776 7.91358e-05,2.42421e-06,0.00397585,0.999992
0.0112314,-0.591685,0.0118469 8.75521e-05,5.87011e-06,0.00278454,0.999996
0.0327515,-0.591591,0.0120136 9.55399e-05,-9.13034e-07,0.00190508,0.999998
0.053422,-0.591539,0.0121726 0.000104263,1.60983e-06,0.000689387,1
0.0741529,-0.593248,0.0115121 6.36389e-05,-2.81256e-07,0.000273808,1
0.0957529,-0.595053,0.0108413 2.90131e-05,5.36891e-07,-0.0010846,0.999999
0.117771,-0.595157,0.0109938 3.47948e-05,4.11127e-06,-0.00206345,0.999998
0.139733,-0.595267,0.0111637 4.15359e-05,3.76713e-08,-0.00275208,0.999996
0.16173,-0.5954,0.0113335 4.51073e-05,-1.39115e-06,-0.00323472,0.999995
0.183741,-0.595554,0.0115031 5.03705e-05,-1.05337e-06,-0.00389321,0.999992
0.204868,-0.595731,0.0116657 5.34907e-05,1.61028e-06,-0.00427727,0.999991
0.225717,-0.595909,0.0118264 4.72691e-05,1.86387e-06,-0.00402977,0.999992
0.247226,-0.596098,0.0119924 5.7887e-05,-2.24633e-07,-0.00497382,0.999988
0.26922,-0.596324,0.0121622 6.01764e-05,-1.46878e-06,-0.00519081,0.999987
0.28896,-0.594268,0.0115142 3.65464e-05,-1.49558e-06,-0.00549585,0.999985
0.308663,-0.592181,0.0108493 1.15796e-05,7.29612e-07,-0.00569032,0.999984
0.330567,-0.592389,0.0110025 1.35431e-05,-4.33491e-06,-0.00650838,0.999979
0.351772,-0.592684,0.0111659 2.29757e-05,-2.58882e-06,-0.00736563,0.999973
0.372915,-0.592987,0.0113291 1.91409e-05,-3.45134e-06,-0.00679989,0.999977
0.39492,-0.593292,0.0114987 2.0482e-05,-1.94372e-06,-0.00695659,0.999976
0.416936,-0.593603,0.0116681 2.32342e-05,1.35459e-06,-0.0072664,0.999974
0.438854,-0.593928,0.0118377 2.58457e-05,-4.0558e-06,-0.00813165,0.999967
0.460821,-0.594273,0.0120071 2.25261e-05,-2.72537e-06,-0.00726359,0.999974
0.482786,-0.594559,0.0121766 1.03731e-05,-3.18976e-06,-0.00563307,0.999984
0.50023,-0.602464,0.011527 -1.24652e-05,-1.65754e-06,-0.00631888,0.99998
0.516892,-0.610638,0.0108554 -3.36737e-05,8.54766e-07,-0.00715103,0.999974
0.537534,-0.611076,0.0110002 -3.66272e-05,-1.19341e-05,-0.00692632,0.999976
0.559455,-0.611365,0.0111684 -4.47085e-05,-3.99075e-06,-0.00599652,0.999982
0.581436,-0.611607,0.0113381 -5.13719e-05,-3.94649e-06,-0.00508131,0.999987
0.603427,-0.61181,0.0115074 -5.90349e-05,-1.27347e-06,-0.0040472,0.999992
0.625388,-0.611954,0.0116769 -7.41618e-05,-1.9314e-06,-0.00230697,0.999997
0.647297,-0.612021,0.011846 -8.63519e-05,-2.09443e-06,-0.000644509,1
0.669239,-0.611997,0.0120155 -0.000106588,-3.62695e-06,0.00207512,0.999998
0.690208,-0.61185,0.0121771 -0.000128079,-2.85951e-06,0.00488226,0.999988
0.709703,-0.616529,0.0115163 -0.000107281,4.36484e-07,0.004899,0.999988
0.73001,-0.621381,0.0108448 -8.68013e-05,4.90553e-06,0.0048422,0.999988
0.75188,-0.621223,0.0109975 -0.000100769,-2.75549e-07,0.00696671,0.999976
0.773839,-0.620877,0.0111669 -0.000113922,-1.53078e-06,0.00871264,0.999962
0.794837,-0.620478,0.0113287 -0.000125574,-4.10374e-07,0.0102269,0.999948
0.816165,-0.620003,0.0114927 -0.000146887,2.36091e-06,0.0129538,0.999916
0.837598,-0.619336,0.0116582 -0.000191202,-7.36724e-08,0.0185691,0.999828
0.857413,-0.618517,0.011811 -0.000222232,-9.23184e-08,0.0226878,0.999743
0.876431,-0.617579,0.0119577 -0.000252096,-9.03027e-07,0.0266094,0.999646
0.894562,-0.616547,0.0120973 -0.000280333,-2.30071e-07,0.0303105,0.99954
0.907864,-0.618591,0.0114112 -0.000215016,4.35777e-07,0.0331184,0.999451
0.920948,-0.620678,0.0107076 -0.000123025,-3.49601e-06,0.0318948,0.999491
0.939245,-0.619653,0.0108339 -9.95737e-05,-1.04635e-05,0.0300249,0.999549
0.959707,-0.618278,0.0109914 -0.000147244,-7.68229e-06,0.0363281,0.99934
0.980806,-0.616707,0.011154 -0.000162095,-3.9503e-06,0.0380468,0.999276
1.00063,-0.61516,0.0113069 -0.000174962,-2.28113e-06,0.0397361,0.99921
1.02056,-0.613583,0.011461 -0.00016069,-4.53506e-06,0.0371196,0.999311
1.04153,-0.612108,0.0116224 -0.000136764,2.01278e-06,0.0342511,0.999413
1.06273,-0.61062,0.0117867 -0.000145551,-3.38954e-06,0.0357569,0.999361
1.08387,-0.609092,0.01195 -0.00015014,-3.63515e-06,0.0364291,0.999336
1.10367,-0.607629,0.0121028 -0.000156246,-1.95312e-06,0.0372489,0.999306
1.12334,-0.606186,0.0122548 -0.000141776,-4.45946e-06,0.0346908,0.999398
1.14373,-0.606738,0.0115367 -8.97766e-05,2.93848e-06,0.036739,0.999325
1.16303,-0.6072,0.0107935 -7.77563e-05,-2.68868e-06,0.0443963,0.999014
1.18195,-0.605366,0.0109222 -0.000158389,-6.08261e-06,0.05515,0.998478
1.19998,-0.603161,0.0110618 -0.000247536,-7.85522e-06,0.0667941,0.997767
1.21664,-0.600709,0.011191 -0.0003541,-8.33443e-06,0.0807755,0.996732
1.232,-0.598032,0.0113106 -0.000436859,-1.38301e-05,0.091045,0.995847
1.24636,-0.595274,0.0114231 -0.000488329,-1.92004e-05,0.0981251,0.995174
1.25935,-0.592576,0.011524 -0.000556933,-1.92432e-05,0.106632,0.994298
1.27203,-0.589719,0.0116232 -0.000616295,-2.19063e-05,0.1144,0.993435
1.28375,-0.586901,0.0117148 -0.000669962,-2.38831e-05,0.121473,0.992594
1.29514,-0.583982,0.0118041 -0.000729385,-2.60845e-05,0.129216,0.991616
1.30662,-0.580795,0.0118937 -0.000833006,-2.6674e-05,0.142775,0.989755
1.31693,-0.579412,0.0111874 -0.000592855,-3.70721e-05,0.150475,0.988614
1.3282,-0.577593,0.0104742 -0.000336399,-3.87122e-05,0.157522,0.987515
1.33918,-0.573968,0.0105469 -0.000372874,-4.29875e-05,0.162908,0.986641
1.35001,-0.570219,0.0106345 -0.000416397,-4.65785e-05,0.168196,0.985753
1.36179,-0.566016,0.0107302 -0.000477729,-5.24618e-05,0.176118,0.984369
1.37275,-0.561759,0.0108204 -0.000594777,-6.8747e-05,0.191676,0.981458
1.38326,-0.557354,0.0109072 -0.000670806,-7.83667e-05,0.201874,0.979411
1.39465,-0.552362,0.0110019 -0.000724492,-8.87433e-05,0.208194,0.978087
1.40457,-0.547848,0.0110831 -0.000812338,-8.64282e-05,0.219476,0.975618
1.40808,-0.546124,0.0111129 -0.000961782,-0.000108165,0.238989,0.971022
1.40835,-0.545983,0.0111156 -0.000978937,-0.000114648,0.241092,0.970502
1.40926,-0.545504,0.0111237 -0.000937833,-0.000114469,0.235994,0.971754
1.40832,-0.549845,0.0106174 -0.000193751,-1.24463e-05,0.190497,0.981688
1.40636,-0.554979,0.0100907 0.000685503,0.000147404,0.127198,0.991877
1.4081,-0.554722,0.0100944 0.00116751,0.000251408,0.063325,0.997992
1.4096,-0.55459,0.0101052 0.00158695,0.000346605,0.00783247,0.999968
1.41,-0.55458,0.0101076 0.00170372,0.000375978,-0.00873846,0.99996
1.41001,-0.55458,0.0101076 0.00170426,0.00037678,-0.00876361,0.99996
1.41162,-0.551281,0.0100626 0.00113789,0.000212346,-0.00821533,0.999966
1.41326,-0.547912,0.010015 0.000559966,4.4524e-05,-0.00765512,0.999971
1.41331,-0.547844,0.0100141 0.000548593,4.11839e-05,-0.00766946,0.99997
1.41332,-0.547845,0.0100143 0.000548783,4.12007e-05,-0.00769538,0.99997
1.41333,-0.547845,0.0100144 0.000548973,4.12173e-05,-0.00772118,0.99997
1.41335,-0.547845,0.0100145 0.000549162,4.12336e-05,-0.00774686,0.99997
1.41336,-0.547845,0.0100146 0.000549352,4.12498e-05,-0.00777243,0.99997
1.41337,-0.547846,0.0100147 0.000549541,4.12658e-05,-0.00779791,0.999969
1.41339,-0.547846,0.0100148 0.000549729,4.12816e-05,-0.0078233,0.999969
1.4134,-0.547846,0.0100149 0.000549918,4.12974e-05,-0.00784862,0.999969
1.41342,-0.547846,0.010015 0.000550106,4.1313e-05,-0.00787385,0.999969
1.41343,-0.547846,0.0100151 0.000550294,4.13285e-05,-0.00789902,0.999969
1.41344,-0.547847,0.0100152 0.000550482,4.13439e-05,-0.00792412,0.999968
1.41346,-0.547847,0.0100153 0.00055067,4.13592e-05,-0.00794915,0.999968
1.41347,-0.547847,0.0100154 0.000550857,4.13745e-05,-0.00797413,0.999968
1.41348,-0.547847,0.0100155 0.000551044,4.13896e-05,-0.00799904,0.999968
1.4135,-0.547848,0.0100156 0.000551231,4.14047e-05,-0.00802391,0.999968
1.41351,-0.547848,0.0100157 0.000551417,4.14197e-05,-0.00804872,0.999967
1.41352,-0.547848,0.0100158 0.000551604,4.14346e-05,-0.00807348,0.999967
1.41354,-0.547848,0.0100159 0.00055179,4.14494e-05,-0.00809819,0.999967
1.41355,-0.547849,0.010016 0.000551976,4.14643e-05,-0.00812286,0.999967
1.41356,-0.547849,0.0100161 0.000552161,4.1479e-05,-0.00814748,0.999967
1.41358,-0.547849,0.0100162 0.000552347,4.14938e-05,-0.00817206,0.999966
1.41359,-0.547849,0.0100163 0.000552532,4.15085e-05,-0.0081966,0.999966
1.4136,-0.54785,0.0100164 0.000552717,4.15231e-05,-0.00822111,0.999966
1.41362,-0.54785,0.0100165 0.000552902,4.15377e-05,-0.00824557,0.999966
1.41363,-0.54785,0.0100166 0.000553086,4.15523e-05,-0.00827,0.999966
1.41365,-0.54785,0.0100167 0.000553271,4.15668e-05,-0.00829439,0.999965
1.41366,-0.547851,0.0100168 0.000553455,4.15813e-05,-0.00831875,0.999965
1.41367,-0.547851,0.0100169 0.000553639,4.15958e-05,-0.00834308,0.999965
1.41369,-0.547851,0.010017 0.000553823,4.16102e-05,-0.00836738,0.999965
1.4137,-0.547851,0.0100171 0.000554007,4.16246e-05,-0.00839165,0.999965
1.41371,-0.547852,0.0100172 0.00055419,4.1639e-05,-0.00841588,0.999964
1.41373,-0.547852,0.0100173 0.000554374,4.16533e-05,-0.00844009,0.999964
1.41374,-0.547852,0.0100174 0.000554557,4.16676e-05,-0.00846428,0.999964
1.41375,-0.547852,0.0100175 0.00055474,4.16819e-05,-0.00848843,0.999964
1.41377,-0.547853,0.0100176 0.000554923,4.16961e-05,-0.00851256,0.999964
1.41378,-0.547853,0.0100177 0.000555106,4.17103e-05,-0.00853666,0.999963
1.41379,-0.547853,0.0100178 0.000555289,4.17244e-05,-0.00856073,0.999963
1.41381,-0.547853,0.0100179 0.000555471,4.17385e-05,-0.00858478,0.999963
1.41382,-0.547854,0.010018 0.000555654,4.17527e-05,-0.0086088,0.999963
1.41383,-0.547854,0.0100181 0.000555836,4.17668e-05,-0.0086328,0.999963
1.41385,-0.547854,0.0100183 0.000556018,4.17808e-05,-0.00865678,0.999962
1.41386,-0.547854,0.0100184 0.0005562,4.17949e-05,-0.00868073,0.999962
1.41387,-0.547855,0.0100185 0.000556382,4.18089e-05,-0.00870466,0.999962
1.41389,-0.547855,0.0100186 0.000556563,4.18229e-05,-0.00872857,0.999962
1.4139,-0.547855,0.0100187 0.000556745,4.18369e-05,-0.00875246,0.999962
1.41391,-0.547855,0.0100188 0.000556926,4.18509e-05,-0.00877633,0.999961
1.41393,-0.547856,0.0100189 0.000557108,4.18649e-05,-0.00880017,0.999961
1.41394,-0.547856,0.010019 0.000557289,4.18788e-05,-0.008824,0.999961
